x1	y1	x2	y2
45	51	71	79
4	68	33	98
84	54	107	82
112	20	140	56
103	-1	140	25
81	0	114	19
181	0	217	24
126	63	165	93
122	98	166	122
145	77	185	109
165	40	208	76
143	129	173	156
170	129	196	152
72	129	101	160
56	134	88	164
34	160	57	188
48	197	77	234
103	219	126	246
120	210	152	248
185	195	222	239
178	246	219	268
53	292	79	316
1	289	35	327
156	308	176	336
248	81	288	124
260	57	294	87
298	95	333	134
295	133	335	164
333	103	367	130
355	84	391	115
374	64	408	92
394	50	419	80
416	33	447	57
341	40	377	62
440	65	474	90
582	24	609	50
545	78	572	102
489	154	517	174
501	159	522	180
455	181	484	200
451	182	485	201
477	195	510	222
452	195	489	222
450	214	475	238
453	224	483	261
349	229	368	248
320	201	352	236
272	243	298	277
251	263	275	295
316	236	348	260
261	256	287	277
392	262	423	288
326	302	369	324
154	343	205	378
122	362	159	393
100	353	134	374
62	353	93	379
85	372	111	397
69	382	107	414
58	334	86	359
1	333	33	381
0	385	26	422
248	342	276	368
235	360	261	393
212	355	244	401
285	350	320	381
287	395	320	432
301	452	335	480
226	461	257	487
213	487	246	513
194	487	230	522
178	455	215	480
119	493	149	521
25	471	54	515
4	467	33	494
7	524	45	553
27	552	57	581
0	559	12	593
65	553	95	579
57	578	85	603
130	589	159	616
170	538	196	567
204	516	245	551
197	558	224	587
281	511	311	542
329	359	362	405
389	354	422	382
445	274	468	300
466	290	500	324
499	298	529	323
578	292	595	315
704	93	740	124
724	95	754	114
731	69	775	104
737	66	756	82
726	139	758	161
596	59	631	89
627	3	652	29
671	0	703	11
801	14	825	46
825	0	866	23
855	148	881	174
885	127	907	150
881	109	904	133
902	95	927	126
840	68	867	98
949	65	982	92
802	176	829	208
777	182	804	204
825	188	851	213
644	214	672	238
781	266	801	286
794	233	821	261
864	190	895	222
959	224	983	249
825	294	859	318
814	298	830	314
853	327	880	354
809	340	860	373
787	319	813	343
829	403	871	442
903	373	938	417
895	444	919	472
882	456	906	479
864	469	895	501
859	495	889	518
891	498	924	518
519	342	554	376
517	327	549	363
427	413	459	447
430	442	469	471
482	436	505	461
469	390	519	427
556	417	585	441
466	455	520	501
477	473	499	487
358	461	407	505
393	515	431	542
468	549	506	569
449	572	476	604
444	598	467	621
418	599	455	618
391	588	430	621
560	564	589	589
594	461	625	494
623	409	660	444
662	382	700	407
664	419	692	445
681	435	714	468
664	492	689	513
648	514	675	543
617	531	649	567
702	530	729	553
729	458	756	481
750	484	774	514
765	486	792	515
791	489	815	519
803	468	851	490
794	555	834	586
775	573	807	599
679	600	720	630
695	568	733	598
77	612	104	641
28	623	52	659
8	641	37	668
-1	649	10	670
43	669	67	700
109	655	132	676
129	723	153	750
144	710	172	740
242	687	289	726
274	676	305	703
290	648	317	683
264	649	294	672
210	653	241	682
198	633	231	661
215	720	238	747
237	723	264	754
110	792	144	814
110	890	147	924
44	881	75	909
194	855	234	897
224	841	263	883
219	905	247	927
221	931	247	966
186	936	221	966
195	912	219	936
174	914	222	940
111	928	149	957
122	964	153	990
57	985	88	1011
125	998	152	1018
167	965	199	988
184	963	228	1000
250	1000	293	1043
284	1031	315	1068
235	1042	262	1064
108	1071	137	1093
116	1079	148	1107
101	1100	135	1121
112	1136	138	1162
136	1136	161	1161
2	1060	22	1090
-1	912	10	947
-1	859	11	891
1	863	33	897
0	821	10	846
308	982	326	1005
330	992	366	1027
351	987	382	1015
367	969	400	997
345	957	369	977
335	940	365	961
307	926	329	945
363	877	385	899
301	948	329	969
319	803	356	844
406	753	447	800
416	794	450	820
443	726	466	751
463	834	491	867
479	706	509	733
451	668	474	689
474	630	504	655
346	648	378	672
526	680	557	723
544	659	573	685
616	638	646	660
628	623	675	663
669	673	698	700
539	743	564	771
567	751	595	779
574	773	609	804
601	758	632	786
627	747	664	773
657	791	693	833
636	797	667	826
534	836	567	872
554	865	586	886
577	849	608	874
595	834	625	860
615	841	643	875
603	870	632	896
564	884	614	926
740	801	767	836
715	687	754	715
443	917	473	952
402	930	434	960
436	967	468	996
390	1049	410	1076
411	1048	437	1072
393	1068	430	1103
351	1076	396	1118
313	1095	348	1122
148	1099	187	1130
216	1124	242	1154
169	1136	195	1162
142	1150	171	1177
76	1184	100	1198
252	1176	291	1198
264	1181	292	1197
283	1153	308	1181
247	1146	276	1170
318	1157	342	1182
466	1089	493	1129
479	1103	519	1143
522	1130	556	1178
508	1082	531	1102
497	1047	538	1095
515	1056	542	1083
522	1027	554	1055
523	1006	560	1041
472	1038	510	1061
490	950	520	978
578	1100	607	1120
568	1127	590	1145
631	1063	653	1086
613	1115	658	1146
659	1098	690	1134
693	1115	729	1151
631	1182	670	1198
773	1106	806	1142
710	1044	742	1066
710	1020	745	1051
723	1021	741	1036
616	995	646	1022
591	985	619	1014
588	982	609	1006
594	931	631	967
653	949	680	970
639	979	662	1000
702	965	738	985
700	939	727	967
671	930	709	957
750	826	788	860
781	800	813	832
817	772	845	799
768	741	812	777
696	733	721	755
831	821	869	865
876	820	915	856
917	881	939	908
924	956	955	986
897	986	938	1041
863	1012	898	1047
801	1047	830	1073
825	1062	862	1093
815	1097	856	1141
855	1101	897	1142
864	1112	889	1140
846	1138	876	1165
796	1150	843	1182
871	1164	901	1188
923	1146	945	1167
927	1182	960	1201
947	1160	971	1186
932	1031	1010	1133
950	1007	974	1036
996	1082	1031	1127
1044	1124	1078	1153
1055	1084	1083	1111
997	1172	1033	1194
1159	1019	1202	1059
1112	1081	1159	1133
1132	1127	1174	1163
1195	1137	1232	1176
1233	1095	1281	1133
1243	1047	1288	1087
1166	1080	1210	1115
1056	948	1078	968
1068	918	1109	956
1078	871	1116	898
998	919	1041	953
953	898	977	934
1022	936	1050	970
1115	947	1143	975
1097	1003	1121	1026
1115	1008	1146	1033
1101	1030	1131	1053
1372	1044	1403	1092
1301	988	1334	1033
1318	946	1340	974
1410	1043	1437	1068
1374	1126	1403	1164
1326	1170	1360	1196
1273	1144	1313	1173
1362	1189	1393	1200
1426	1150	1466	1183
1424	1164	1461	1192
1465	1121	1505	1171
1537	1094	1577	1120
1584	1104	1599	1132
1563	1133	1599	1168
1514	1028	1552	1062
1485	1013	1522	1040
1499	974	1550	1026
1508	1004	1540	1021
1440	965	1473	993
1427	983	1459	1019
1440	1001	1479	1028
1389	899	1420	923
1379	880	1402	900
1363	914	1401	936
1303	892	1329	918
1238	894	1295	932
1336	713	1368	745
1267	642	1301	663
1133	637	1161	665
1108	660	1139	694
1127	684	1153	709
1181	701	1210	732
1142	807	1173	836
1095	764	1123	791
1446	675	1475	711
1457	709	1490	739
1408	843	1435	875
1434	837	1458	862
1400	806	1432	848
1421	780	1464	813
1514	808	1538	833
1576	840	1600	870
1267	781	1304	818
1243	650	1277	674
1229	570	1259	604
1322	638	1347	668
1360	580	1390	616
1410	583	1439	607
1418	597	1451	630
1506	609	1529	636
1530	627	1566	660
1537	660	1575	691
1569	605	1595	632
1013	665	1049	688
1038	655	1058	674
968	687	998	717
957	672	986	699
933	662	976	690
922	704	948	730
917	726	945	756
939	753	964	776
943	781	980	810
941	820	995	850
968	863	998	901
864	651	896	684
1003	622	1032	653
1017	570	1045	601
1054	588	1075	610
1124	582	1156	621
942	574	997	615
1516	566	1552	600
1522	544	1551	569
1546	532	1572	556
1526	421	1584	475
1060	386	1088	412
977	353	1002	375
954	299	991	328
1007	363	1036	391
1086	521	1110	548
1094	522	1135	552
1064	486	1096	513
1049	455	1086	482
964	537	1008	569
930	356	984	402
982	227	1006	251
961	136	987	163
894	175	942	209
945	168	986	206
922	136	964	170
976	111	1007	140
789	88	841	127
796	41	844	82
1048	183	1081	210
1065	142	1118	173
1163	101	1189	124
1183	144	1216	166
1090	78	1133	121
1124	48	1164	72
1051	40	1087	68
1074	17	1106	49
1161	70	1190	90
1236	102	1266	120
1254	107	1283	129
1270	81	1304	112
1254	129	1296	166
1195	185	1233	225
1171	242	1196	269
1114	354	1137	392
1246	239	1275	268
1263	242	1294	264
1275	209	1309	239
1253	263	1282	284
1094	433	1124	453
1139	496	1170	525
1178	471	1200	497
1194	478	1224	504
1211	487	1238	517
1148	548	1175	568
1261	481	1293	509
1280	426	1307	452
1314	452	1338	479
1334	434	1365	463
1335	411	1359	439
1351	327	1387	352
1374	290	1400	319
1360	237	1393	267
1394	349	1435	394
1458	419	1482	443
1449	445	1481	466
1541	348	1578	398
1545	325	1578	352
1552	309	1586	330
1565	397	1599	428
1580	402	1599	433
1468	233	1493	253
1424	200	1455	231
1418	170	1453	199
1407	55	1433	80
1415	42	1440	63
1459	46	1500	82
1501	109	1527	136
1519	187	1545	219
1520	143	1548	174
1536	83	1577	114
1307	50	1342	77
1343	14	1378	35
1253	1	1282	28
1386	-1	1415	12
1368	542	1410	582
936	0	986	33
990	132	1042	172
383	-1	412	18
384	1177	419	1198
1559	-1	1592	9
