x1	y1	x2	y2
27	428	55	457
648	228	675	255
343	215	370	247
374	242	401	272
303	209	342	241
264	238	295	264
92	203	114	225
12	156	51	187
27	228	70	265
25	259	57	283
45	321	69	350
21	336	49	360
88	359	114	384
63	330	110	365
244	355	270	383
270	341	304	367
311	332	337	370
330	316	356	353
277	179	313	215
206	143	255	170
215	149	250	185
130	135	163	166
154	155	176	179
188	119	216	142
132	75	162	105
9	32	30	59
0	0	8	12
176	0	213	8
205	32	223	58
207	92	232	112
210	101	241	124
293	136	329	162
271	128	310	157
149	45	184	82
233	32	264	59
313	53	340	80
356	76	387	106
368	13	404	39
352	0	395	17
290	-1	316	6
440	-1	475	17
528	101	562	139
471	141	503	178
462	190	496	218
484	166	513	196
568	183	594	212
574	201	600	227
620	177	644	202
630	162	660	193
753	192	780	220
703	163	730	185
634	101	673	137
539	300	570	324
513	331	538	351
528	337	554	357
677	0	707	38
627	12	669	34
734	94	761	118
770	98	796	131
698	0	724	32
721	-1	747	23
745	-1	769	9
781	53	808	80
813	142	841	178
759	231	783	261
777	295	816	333
813	326	840	354
788	334	814	362
751	397	781	424
836	30	865	63
848	65	873	94
854	105	879	130
873	139	918	175
949	133	983	167
918	73	949	103
929	88	945	103
898	5	921	27
880	69	905	98
871	183	899	210
939	224	959	244
915	246	937	286
901	298	919	320
931	340	958	358
925	347	967	377
924	370	955	391
889	372	933	404
951	423	976	442
876	435	902	463
732	451	760	483
708	465	743	491
740	483	776	514
701	520	734	554
768	552	797	583
907	502	933	538
908	529	934	546
931	495	963	522
469	386	491	413
391	424	418	448
392	443	414	464
438	496	463	520
509	446	528	470
556	443	582	471
557	415	577	434
588	386	617	410
607	394	628	418
661	391	697	419
634	429	660	446
632	471	659	497
616	467	649	486
597	470	624	499
649	535	689	558
492	537	529	579
295	466	324	496
616	553	644	581
163	461	196	492
98	482	119	502
110	491	136	516
5	541	30	566
-1	525	25	550
0	495	7	513
-1	565	19	594
108	556	135	586
103	592	137	619
184	529	203	551
353	482	379	502
366	509	401	529
512	497	544	521
331	540	357	586
308	548	332	574
268	568	297	604
242	567	275	590
230	485	250	508
259	69	283	94
301	651	334	680
153	674	190	731
232	728	278	759
98	683	122	707
106	714	143	748
62	682	94	712
48	645	84	682
37	682	65	715
133	796	170	825
129	849	150	872
287	939	322	962
343	788	377	809
360	783	389	806
417	675	440	700
411	807	443	827
410	822	439	842
434	857	473	879
419	877	445	898
429	938	454	963
458	957	491	990
443	990	472	1023
0	1082	36	1114
8	1069	33	1091
13	1058	66	1093
61	1012	98	1056
82	1031	109	1059
85	990	127	1018
-1	1005	17	1036
1	949	12	974
0	652	21	680
-1	634	16	653
86	1117	115	1144
20	1122	54	1162
1	1141	28	1178
230	986	280	1032
255	1017	290	1070
321	1023	350	1050
152	982	181	1015
182	978	209	1006
144	948	183	983
121	979	160	1006
265	1130	292	1180
132	1173	167	1198
161	1081	202	1127
163	1065	196	1096
356	1112	389	1146
370	1130	402	1166
411	1053	454	1095
421	1029	457	1060
411	1107	442	1144
422	1129	445	1158
413	1156	435	1180
455	1137	502	1178
616	1186	647	1199
645	1158	682	1193
652	1133	689	1167
686	1124	720	1152
568	1027	589	1052
590	1043	621	1071
554	995	589	1026
536	974	566	1003
568	965	597	992
594	902	622	932
656	868	683	889
552	795	576	822
482	1018	509	1044
475	1067	506	1096
513	1065	538	1089
504	1088	538	1123
755	1087	780	1126
750	1172	776	1196
822	1163	852	1195
830	1115	850	1147
879	1076	909	1108
889	1063	915	1090
903	1038	923	1062
882	1016	909	1046
834	1008	878	1025
698	983	720	1009
690	952	716	984
724	859	748	890
599	717	632	742
664	748	689	787
679	798	710	832
510	625	544	675
533	646	558	673
570	682	598	711
575	693	617	730
587	635	616	664
608	590	651	629
687	684	716	711
715	633	746	667
714	602	751	618
729	561	759	601
694	611	724	642
850	643	879	665
882	583	910	617
749	781	776	811
777	715	817	762
804	705	844	756
835	774	864	812
848	780	887	821
872	809	902	851
909	856	936	883
941	760	963	777
956	946	978	972
964	954	989	985
897	1191	921	1201
944	1066	983	1107
967	1010	1000	1041
1020	990	1058	1022
996	1049	1021	1079
1017	1063	1032	1082
1010	1143	1038	1168
1087	1064	1108	1088
1110	1095	1129	1118
1117	952	1146	980
1147	958	1177	981
1150	1063	1174	1095
1172	1054	1209	1087
1234	1049	1260	1086
1271	1059	1297	1086
1280	1137	1301	1164
1284	1110	1326	1148
1317	1137	1348	1171
1257	1151	1301	1184
1334	1073	1358	1094
1408	1090	1437	1119
1390	1138	1425	1171
1503	1128	1536	1161
1380	1002	1404	1028
1548	1141	1590	1180
1543	1169	1570	1194
1552	1188	1573	1200
1417	1156	1434	1174
1504	1059	1542	1095
1506	1019	1560	1063
1550	1041	1575	1056
1562	1027	1594	1068
1566	1013	1598	1042
1541	989	1571	1019
1564	978	1592	1010
1569	980	1599	1008
1439	882	1462	916
1453	945	1492	982
1341	975	1361	1000
1346	951	1365	972
1289	905	1313	936
1296	950	1333	987
1318	1003	1345	1029
1251	995	1284	1026
1230	901	1261	934
1099	891	1124	920
1107	919	1131	938
1069	904	1100	936
1072	887	1105	918
1085	872	1108	893
1064	815	1094	843
1101	826	1134	866
1100	804	1124	825
1106	785	1136	807
1059	783	1088	806
1026	756	1051	785
1064	717	1088	742
1032	615	1062	649
1145	689	1168	716
1106	675	1131	693
1247	708	1281	735
1165	775	1194	803
1210	822	1242	844
1216	790	1242	820
1242	790	1282	824
1286	770	1324	810
1292	735	1333	766
1434	741	1461	769
1495	781	1521	805
1580	721	1600	759
1451	709	1478	725
1445	723	1474	756
1340	685	1371	711
1342	656	1376	681
1448	615	1480	643
1466	635	1492	658
1499	632	1519	648
1540	618	1566	641
1056	504	1080	533
1067	513	1090	541
1025	462	1050	485
1077	469	1103	494
1008	500	1039	547
976	428	1022	470
1010	363	1034	392
1288	642	1315	673
1287	629	1310	663
1279	594	1312	626
1244	592	1280	628
1225	582	1253	612
1193	604	1229	631
1174	630	1214	667
1090	579	1126	607
1111	541	1135	561
1123	495	1161	537
1241	489	1268	514
1249	522	1275	547
1286	488	1313	525
1418	463	1443	482
1502	463	1527	493
1504	514	1534	546
1485	490	1519	521
1474	538	1504	569
1496	403	1517	444
1201	316	1251	343
1195	301	1226	333
1135	300	1161	330
1126	360	1152	384
924	556	946	578
1257	557	1287	596
1306	551	1327	576
1301	576	1323	602
986	166	1011	193
991	202	1014	228
984	224	1017	250
1070	199	1105	238
1051	175	1078	201
1076	171	1098	208
1118	165	1148	193
1164	194	1191	223
1160	174	1206	215
1279	266	1324	307
1338	266	1370	285
1352	266	1379	295
1377	275	1403	320
1515	317	1543	347
1490	289	1526	337
1514	278	1543	299
1591	361	1601	383
1572	449	1599	480
1583	563	1599	596
1375	202	1403	233
1379	239	1404	262
1393	188	1420	237
1465	154	1495	184
1481	150	1509	183
1420	116	1444	142
1376	89	1407	125
1367	106	1395	134
1344	173	1368	203
1233	148	1254	170
1276	98	1300	120
1311	53	1342	84
1331	22	1351	55
1326	0	1358	12
1224	0	1258	12
1140	23	1170	43
1035	56	1061	77
1221	11	1250	34
1368	22	1394	45
1428	6	1458	34
1463	110	1492	141
1527	221	1556	259
1483	6	1510	34
1498	13	1527	46
1578	31	1599	56
1581	13	1598	34
1156	84	1178	114
1125	84	1165	127
1081	79	1113	113
1091	95	1127	127
1097	125	1121	158
1104	75	1132	107
1102	7	1130	29
747	249	777	278
591	450	610	479
870	612	911	639
1	720	24	754
706	1011	730	1047
1098	473	1125	499
1195	243	1256	286
1180	81	1216	111
