x1	y1	x2	y2
57	50	83	71
75	51	104	74
20	24	46	60
39	137	63	158
121	143	149	168
34	254	60	279
68	240	92	262
0	261	9	285
-1	320	21	366
86	352	107	375
102	346	120	371
87	382	108	406
143	413	186	455
174	388	195	410
213	388	245	418
229	390	255	407
224	356	256	378
274	346	291	363
298	361	319	382
289	400	311	426
206	261	232	280
182	287	207	312
149	299	175	319
212	220	240	239
226	195	250	220
244	65	274	92
263	89	289	114
205	69	232	89
286	7	310	36
191	20	214	41
193	-2	222	25
170	1	203	17
163	37	191	61
182	61	212	83
295	170	332	193
308	174	343	198
281	255	309	291
394	209	433	241
406	141	440	170
399	175	429	197
495	242	534	275
468	169	492	196
462	50	482	67
453	40	483	69
463	5	483	24
450	66	478	89
491	52	514	69
434	-2	474	16
617	95	657	127
543	81	566	103
555	70	578	94
559	259	583	286
712	75	744	107
781	56	803	79
799	40	822	63
812	28	839	53
819	2	851	32
867	12	890	41
822	97	853	123
868	114	894	143
909	246	935	271
894	260	912	283
894	275	917	298
782	340	811	374
784	226	819	267
791	196	825	215
798	197	834	228
782	153	822	184
827	146	872	190
771	135	792	160
722	156	762	184
720	176	764	211
756	189	789	219
690	202	715	226
620	330	654	354
638	344	664	365
594	383	620	401
657	472	692	497
742	437	767	463
832	493	857	516
890	484	913	507
909	451	931	472
916	427	937	447
889	321	925	352
966	390	989	417
856	510	884	540
831	515	862	535
497	434	520	457
500	360	532	381
358	339	393	369
386	285	422	306
445	408	469	437
614	464	638	489
623	550	649	579
525	520	549	546
445	495	475	520
377	422	406	450
362	438	396	471
364	463	386	486
355	481	384	513
209	498	247	524
221	516	249	543
226	565	264	589
227	596	257	627
28	611	52	631
240	427	271	454
297	477	331	512
6	357	33	406
271	552	295	577
296	545	322	562
358	595	381	616
385	613	409	632
627	588	653	612
755	535	793	575
734	514	762	535
717	533	755	566
734	568	780	600
749	593	778	625
815	609	837	635
212	615	245	646
195	640	222	669
189	674	225	706
213	658	263	697
233	686	273	714
226	682	254	708
273	675	303	695
290	631	312	658
276	616	296	639
214	706	248	734
208	718	235	749
186	695	209	718
238	716	272	748
140	737	168	759
42	661	71	690
8	755	42	790
80	760	108	792
106	774	134	804
103	810	131	838
91	809	116	842
71	797	106	827
222	757	246	783
224	803	251	836
239	840	276	876
153	842	195	872
148	821	176	848
52	825	94	867
33	861	69	886
18	865	42	896
7	803	38	839
35	889	71	927
71	913	114	952
-1	977	15	1002
13	1066	39	1091
10	1085	36	1106
259	943	296	968
169	981	208	1017
107	1060	138	1086
88	1066	122	1102
90	1108	134	1139
75	1146	102	1171
55	1173	83	1200
0	945	13	968
330	876	371	906
439	1044	468	1070
451	1050	482	1085
347	1021	379	1043
313	942	343	970
341	936	375	961
281	1057	311	1085
303	1073	338	1124
258	1081	282	1106
249	1133	277	1149
208	1140	238	1168
220	1158	240	1175
366	1160	390	1187
453	1092	483	1120
505	1067	529	1096
482	1018	510	1037
461	1026	487	1050
440	1001	473	1025
502	928	528	955
571	1078	592	1103
498	1146	528	1166
555	1169	580	1193
464	1184	490	1200
652	1049	675	1076
647	1025	677	1053
720	1068	745	1094
716	1077	743	1110
856	1010	895	1047
957	1132	987	1173
955	1174	979	1198
724	1169	765	1201
780	1170	833	1202
534	932	560	962
596	931	619	954
676	954	697	977
681	977	709	1009
741	963	762	990
281	840	327	888
371	795	399	818
377	814	406	848
408	828	437	856
464	811	494	851
461	855	488	876
646	895	675	935
672	899	697	923
686	897	715	920
678	909	721	938
685	852	712	878
767	853	795	876
782	884	806	905
767	923	796	947
795	951	816	981
824	974	850	998
574	791	597	807
530	773	562	799
567	764	602	789
540	739	565	767
603	698	632	730
562	638	595	678
474	648	501	681
410	706	446	737
423	694	444	720
469	723	503	762
513	709	540	734
493	747	527	785
470	778	502	805
439	743	480	772
689	758	716	781
711	754	743	790
720	757	749	786
776	672	813	712
795	631	820	659
833	633	859	657
809	663	846	700
790	714	830	748
848	726	876	762
780	749	808	779
797	753	830	782
773	784	801	813
780	767	813	797
797	787	825	806
828	822	862	851
867	802	902	852
940	668	974	707
893	651	931	691
905	909	937	935
907	929	935	960
867	918	899	947
953	976	981	1007
362	1029	408	1066
2	595	30	627
970	885	997	915
1033	875	1066	905
978	1044	1012	1073
956	1096	990	1126
1015	1093	1033	1112
1052	1127	1079	1153
1084	1114	1109	1135
1122	1089	1151	1116
1149	1175	1172	1197
1110	1173	1134	1190
1212	1140	1244	1172
1118	1192	1147	1198
1268	1149	1297	1178
1283	1170	1313	1199
1319	1188	1343	1200
1540	1146	1573	1180
1565	1158	1593	1191
1587	1171	1601	1195
1506	1071	1533	1096
1538	1073	1559	1102
1523	1097	1555	1127
1506	1105	1536	1130
1418	1078	1459	1109
1472	1050	1504	1082
1269	1032	1294	1058
1278	1107	1302	1130
1312	1103	1337	1129
1337	1091	1362	1115
1362	1089	1402	1120
1345	1044	1374	1074
1311	1021	1342	1051
1176	1024	1204	1056
1141	992	1172	1021
1114	1013	1139	1040
1146	948	1173	978
1165	912	1198	943
1160	887	1190	914
1177	880	1194	904
1155	863	1188	891
1111	885	1139	904
1296	774	1324	807
1306	774	1335	804
1227	739	1259	774
1259	725	1289	750
1304	737	1337	764
1329	738	1356	771
1347	749	1371	776
1354	725	1383	749
1221	931	1245	957
1191	954	1217	972
1272	971	1293	1004
1301	948	1321	972
1310	924	1335	950
1332	889	1351	926
1348	947	1376	972
1352	901	1381	931
1334	985	1361	1010
1499	979	1526	1006
1491	1006	1518	1033
1519	996	1543	1022
1530	1011	1565	1045
1525	1039	1580	1081
1587	895	1599	927
1573	818	1599	857
1485	777	1511	822
1507	789	1538	821
1492	743	1514	766
1481	816	1514	856
1484	850	1508	881
1485	876	1508	897
1039	694	1068	717
1067	678	1090	701
1050	665	1079	693
1044	645	1073	675
985	774	1012	794
1084	783	1111	807
1016	825	1045	857
1018	790	1038	818
991	787	1020	811
964	801	999	823
945	767	976	795
990	633	1025	660
1010	607	1037	634
1003	583	1036	613
1110	592	1139	616
1139	595	1169	627
1164	621	1198	664
1221	602	1242	627
1250	633	1282	664
1271	618	1297	642
1240	654	1265	677
1237	670	1263	692
1287	651	1313	677
1376	685	1403	716
1403	711	1423	735
1480	713	1502	742
1489	684	1514	712
1516	684	1541	720
1575	685	1597	710
1426	641	1459	680
1446	617	1475	641
1459	592	1495	635
1481	592	1507	622
1432	588	1462	604
1496	607	1520	629
1462	644	1493	675
1493	651	1516	682
1420	555	1452	596
1368	582	1415	620
1392	583	1415	600
1335	574	1361	597
1294	573	1329	602
1304	534	1331	568
1265	527	1295	564
1236	522	1261	556
1220	555	1246	583
1080	573	1102	597
1066	548	1090	571
1042	537	1070	564
1010	549	1042	578
979	563	1005	585
980	468	1003	497
1047	434	1069	457
1066	438	1091	465
986	315	1023	359
1033	328	1059	348
1042	361	1075	387
1065	381	1086	402
1108	501	1169	548
1144	483	1172	518
1115	471	1145	501
1247	504	1280	527
1344	491	1372	516
1350	523	1383	555
1346	549	1383	575
1402	485	1444	538
1520	460	1564	497
1543	441	1571	468
1523	424	1556	449
1553	397	1588	422
1562	418	1588	443
1583	463	1599	489
1475	403	1507	442
1448	389	1475	411
1488	255	1524	283
1512	252	1537	275
1516	226	1547	259
1431	248	1455	272
1470	308	1496	331
1397	306	1435	346
1360	307	1391	340
1290	333	1316	361
1309	317	1341	350
1279	238	1309	269
1327	204	1361	237
1408	174	1436	216
1368	259	1399	285
1450	157	1474	180
1114	282	1148	331
1111	286	1133	314
1048	273	1087	316
1096	225	1119	250
1112	249	1143	275
1139	233	1173	264
1159	221	1178	239
1167	213	1202	248
1092	183	1132	221
1139	156	1177	207
1188	193	1225	226
1064	172	1096	215
1052	164	1092	200
1007	173	1032	196
1009	111	1035	137
1039	135	1073	164
1115	108	1145	128
1149	99	1177	120
1156	106	1186	134
1402	156	1423	177
1382	181	1405	200
1349	179	1379	208
1315	188	1345	215
1505	99	1538	127
1435	94	1465	125
1379	111	1406	146
1394	120	1419	152
1047	55	1073	73
1023	36	1065	71
1008	29	1046	58
1029	21	1063	43
1024	73	1052	95
1127	0	1162	14
1057	1	1086	9
957	1	994	19
1325	6	1351	27
1339	22	1377	46
1304	19	1323	39
1302	32	1328	57
1274	45	1304	64
1304	73	1330	93
1360	84	1392	116
1372	73	1417	108
1443	44	1468	71
1415	67	1463	118
1511	51	1555	91
1202	0	1232	7
1455	1	1487	6
1501	1	1535	19
1582	172	1599	202
1574	200	1600	228
1574	218	1596	246
1536	475	1578	513
647	127	700	166
105	19	143	51
187	338	226	374
63	324	95	363
207	580	240	616
472	807	502	831
1435	775	1481	812
1374	517	1423	555
1582	495	1600	531
1571	611	1598	637
1252	206	1295	230
1482	116	1513	144
