x1	y1	x2	y2
267	308	295	332
-1	39	16	71
0	13	30	46
75	27	104	53
50	60	87	94
82	140	113	166
89	320	125	368
151	315	179	347
46	223	89	267
118	226	146	245
154	193	191	225
208	198	236	228
235	157	285	194
179	144	235	168
239	204	280	246
340	167	392	206
398	155	428	184
324	87	363	129
265	17	309	45
266	70	302	101
418	32	454	46
393	0	425	11
359	-1	395	12
516	2	551	32
599	0	647	18
463	1	493	18
462	69	484	96
472	93	503	119
520	109	549	137
476	137	502	167
438	97	470	129
419	78	450	115
637	3	677	34
830	-1	863	27
925	43	954	61
904	18	927	48
942	17	966	44
660	139	690	167
593	244	616	266
557	202	593	235
609	181	674	232
672	167	702	196
509	211	551	257
546	232	580	257
491	239	523	268
500	156	562	201
441	182	484	220
437	244	458	263
413	247	439	268
355	275	374	302
341	302	369	331
294	277	318	317
308	216	341	243
332	201	365	227
210	229	241	266
226	351	252	375
235	338	257	361
151	400	175	420
89	397	119	415
55	399	90	422
8	482	38	508
134	487	178	512
131	494	157	516
188	498	209	523
168	520	187	550
135	523	159	546
240	415	272	446
269	448	298	475
285	406	306	428
358	349	380	371
371	384	407	412
480	383	513	421
506	382	546	409
463	420	497	454
444	430	481	472
325	495	365	529
781	187	809	221
727	128	767	160
829	164	867	189
876	199	916	224
875	199	906	224
863	212	894	237
884	223	907	246
847	235	878	265
815	204	849	235
794	218	835	264
870	264	914	303
907	249	939	291
802	321	831	354
878	322	927	371
739	390	778	420
780	420	814	451
861	427	895	460
835	464	884	501
831	488	877	533
796	508	843	545
663	488	691	515
642	504	678	529
629	482	660	505
643	455	689	504
578	459	597	490
515	509	563	540
406	518	443	546
397	515	422	550
367	529	402	561
297	565	332	591
247	538	278	566
159	554	190	596
13	530	58	558
-3	538	22	564
31	582	77	610
58	579	109	628
77	798	120	841
153	805	188	828
180	790	214	828
156	747	183	767
284	723	324	745
332	687	368	713
411	720	451	766
420	746	463	788
445	723	499	758
461	706	489	737
477	759	516	792
479	651	525	703
533	676	555	703
521	545	564	595
562	655	584	680
594	655	639	690
628	617	662	649
656	590	690	627
673	560	710	607
703	561	736	593
727	547	766	586
799	549	863	584
877	543	921	580
945	590	975	630
784	667	822	713
812	677	849	702
788	706	836	745
789	734	833	764
714	741	761	783
698	777	733	802
712	656	751	702
663	660	690	684
684	734	706	768
701	720	737	748
678	709	714	735
645	725	685	752
581	793	628	829
495	818	517	837
478	826	504	848
402	790	428	813
337	737	373	777
326	812	362	836
409	845	442	865
444	852	477	886
476	865	497	884
548	840	587	874
552	885	590	912
246	916	281	944
269	946	308	993
325	928	366	960
334	982	383	1012
362	956	386	984
259	1031	285	1058
171	1029	205	1053
148	935	175	964
160	935	184	959
131	870	167	893
94	892	118	925
38	862	63	879
19	874	52	898
-1	865	10	892
0	935	30	977
20	955	71	997
452	1007	485	1040
458	1067	498	1101
463	1099	495	1129
433	1093	463	1119
514	1091	548	1128
705	877	748	916
707	931	735	954
319	1024	347	1051
259	1066	307	1102
270	1043	310	1074
243	1093	271	1122
21	1025	45	1055
34	1026	57	1050
33	1045	56	1078
42	1070	68	1098
199	1102	238	1138
107	1148	135	1176
131	1137	158	1164
123	1183	150	1200
175	1186	220	1199
207	1158	235	1183
275	1104	303	1136
299	1127	333	1162
421	1156	463	1179
430	1178	463	1198
366	1190	401	1199
404	1149	440	1197
511	1153	546	1182
507	1190	541	1201
587	1168	633	1200
584	1125	626	1159
625	1056	661	1093
643	1040	693	1087
675	1033	716	1060
742	1055	787	1091
781	1054	812	1076
680	1120	712	1152
722	1138	774	1183
847	1093	871	1115
847	1039	883	1077
762	905	788	932
803	887	838	912
839	860	912	960
1447	674	1513	752
1233	769	1328	825
1485	783	1516	814
1526	759	1555	789
1514	938	1548	971
1509	966	1548	1003
1518	963	1548	989
1475	973	1522	995
1440	1018	1486	1048
1483	1037	1519	1068
1545	1033	1578	1058
1571	1003	1600	1046
1435	1089	1469	1117
1319	1146	1364	1181
1353	1133	1393	1172
1420	1150	1448	1176
1470	1177	1488	1195
1589	1178	1599	1199
1441	1184	1469	1200
1391	1169	1426	1193
1365	1173	1402	1198
1315	1165	1358	1198
1308	1121	1345	1152
1149	1100	1180	1126
1159	1159	1186	1185
1196	1181	1220	1198
1147	1186	1182	1199
1115	1169	1147	1196
1081	1092	1107	1116
986	1117	1026	1146
1037	1166	1063	1192
940	1077	980	1122
961	1068	1014	1102
983	1078	1009	1101
917	1068	952	1095
897	1126	950	1175
955	1143	996	1187
877	1074	913	1099
884	1049	932	1081
933	1036	958	1057
959	1005	988	1039
868	1002	899	1027
876	989	903	1015
917	956	952	1005
927	938	955	956
949	930	969	956
966	918	997	942
1017	912	1052	947
1007	986	1035	1008
1037	996	1079	1030
1040	1022	1081	1061
1061	966	1098	996
1086	948	1125	979
1080	923	1118	943
1132	945	1173	968
1154	929	1180	956
1191	880	1233	931
1303	892	1332	919
1265	981	1302	1009
1274	919	1313	963
1247	996	1278	1020
1299	1026	1330	1047
1346	1013	1396	1047
1367	959	1414	1013
1387	963	1452	1005
1439	834	1486	877
1335	850	1361	873
1193	853	1217	886
1173	842	1213	874
1148	821	1181	849
1098	855	1139	898
1083	727	1120	765
1329	794	1369	820
1309	758	1380	798
1368	760	1395	783
1409	756	1447	804
1430	743	1466	777
1451	673	1489	723
1427	657	1466	687
1357	706	1406	748
1337	658	1366	687
1261	626	1287	651
1193	637	1219	665
1170	671	1197	701
1154	656	1185	699
1083	701	1104	726
1077	678	1104	700
904	748	935	777
901	727	930	751
908	718	946	743
946	717	981	746
876	785	904	812
860	794	900	829
855	746	894	778
939	788	973	825
955	795	994	832
966	828	1001	857
868	835	901	862
879	848	920	885
910	822	940	850
932	880	970	918
1104	609	1135	641
1171	574	1204	609
1198	562	1225	598
1176	553	1202	578
1346	577	1372	603
1415	565	1445	591
1530	603	1562	642
1464	528	1504	562
1429	504	1471	550
1397	501	1425	521
1469	484	1495	510
1573	486	1599	509
1588	450	1601	485
1132	520	1163	548
995	495	1031	525
976	407	1008	438
971	334	1017	374
1016	389	1051	417
1023	419	1057	458
1060	408	1097	440
1080	422	1114	467
1106	402	1144	427
1118	409	1148	440
1139	364	1177	410
1168	377	1209	420
1353	377	1388	404
1295	467	1334	499
1226	469	1258	511
1141	475	1187	514
1123	481	1153	508
1189	442	1215	463
1222	437	1257	476
1315	450	1356	476
1469	441	1505	469
1500	420	1538	457
1443	394	1491	431
1494	382	1527	412
1481	391	1519	443
1534	379	1564	413
1546	368	1574	394
1437	361	1468	383
1425	343	1446	367
1404	356	1435	379
1119	346	1151	381
1114	339	1139	360
1063	295	1094	335
1056	327	1109	356
1109	291	1157	319
1156	339	1181	368
1197	329	1227	360
1214	310	1258	350
1291	306	1340	346
1272	334	1331	376
1352	285	1379	308
1278	257	1312	287
1257	239	1299	276
1182	243	1216	274
1420	239	1462	279
1380	143	1420	179
1496	165	1533	203
1507	144	1543	180
1527	273	1567	306
1308	153	1360	194
1352	96	1398	127
1201	115	1244	157
1020	147	1056	191
1084	255	1123	282
1104	208	1134	242
1077	211	1124	257
1098	190	1160	234
1138	178	1170	206
1135	115	1168	149
1104	149	1132	176
1035	96	1058	127
1160	85	1207	134
1168	74	1201	105
1022	59	1063	84
979	-2	1010	17
1128	0	1159	11
1238	66	1269	99
1326	52	1369	81
181	-1	216	26
206	368	250	395
433	348	482	379
704	1189	743	1199
849	1190	876	1199
891	1191	927	1199
