x1	y1	x2	y2	celltype
527	7	595	87	1
421	182	504	258	1
205	21	251	57	2
200	33	229	52	2
180	18	203	47	2
212	7	247	35	2
216	0	248	9	2
172	-1	218	18	2
36	19	73	50	2
45	44	81	78	2
68	51	108	82	2
126	74	150	102	2
130	91	158	114	2
144	67	165	89	2
107	98	140	129	2
93	96	128	131	2
176	111	205	139	2
140	136	181	167	2
205	168	245	199	2
87	193	114	208	2
-1	59	12	95	2
0	113	10	145	2
243	151	285	195	2
265	199	309	236	2
227	238	274	275	2
164	248	211	282	2
289	53	332	98	2
452	109	490	145	2
412	88	459	130	2
33	256	74	284	2
-1	242	16	273	2
29	299	81	329	2
3	323	31	361	2
37	346	64	371	2
6	366	41	405	2
98	378	123	404	2
164	305	203	342	2
167	330	208	367	2
197	293	258	336	1
243	349	276	380	2
250	358	291	389	2
239	392	269	419	2
190	399	238	430	2
142	444	213	513	1
277	399	314	434	2
284	425	322	453	2
305	361	335	392	2
282	344	310	368	2
379	292	418	317	2
394	345	418	370	2
350	364	397	407	2
341	432	378	457	2
420	476	439	510	2
448	385	480	410	2
456	346	497	386	2
470	342	503	389	2
493	342	523	366	2
519	361	556	392	2
542	324	576	360	2
585	348	622	381	2
548	274	590	303	2
580	266	607	285	2
600	260	641	286	2
561	181	600	212	2
480	185	503	219	2
458	180	481	201	2
439	187	466	213	2
446	206	467	234	2
597	153	631	181	2
590	136	625	197	3
610	116	634	139	2
557	46	586	74	2
515	62	548	92	2
453	44	493	64	2
455	51	506	96	2
575	59	606	89	2
594	55	635	85	2
597	1	618	22	2
701	65	723	93	2
737	54	778	76	2
749	100	778	130	2
704	103	740	128	2
818	4	845	28	2
833	0	877	48	1
876	1	908	32	2
903	-1	927	14	2
870	0	894	21	2
881	40	938	82	2
904	66	930	88	2
857	87	888	121	2
864	81	909	112	2
842	138	897	168	2
857	163	894	192	2
708	244	742	274	2
694	218	719	238	2
698	276	729	313	2
640	311	676	348	2
605	301	631	324	2
659	352	696	402	2
629	404	660	436	2
604	370	643	402	2
559	417	605	449	2
513	449	562	490	2
722	403	754	434	2
755	352	785	381	2
783	436	817	467	2
821	435	855	464	2
758	409	798	439	2
801	359	841	388	2
872	185	909	219	2
584	562	611	588	2
720	483	768	526	2
696	505	777	569	1
752	507	849	564	1
759	526	795	554	2
698	518	729	545	2
708	538	735	564	2
682	554	733	591	2
718	544	768	575	2
497	550	529	577	2
404	524	429	553	2
411	538	441	570	2
378	493	413	519	2
382	552	411	583	2
275	542	307	562	2
227	554	274	584	2
362	519	417	597	1
144	587	170	615	2
147	559	177	587	2
108	564	131	594	2
92	550	120	577	2
91	503	112	522	2
17	502	49	526	2
5	447	27	468	2
0	420	16	448	2
347	582	394	634	2
298	611	374	676	1
106	699	209	769	1
85	615	118	691	3
42	746	69	812	3
70	684	98	716	2
40	747	89	766	2
37	770	72	802	2
7	637	59	666	2
15	627	49	652	2
6	570	52	610	2
0	557	20	597	2
0	639	13	663	2
209	691	253	715	2
250	646	311	688	2
368	680	396	704	2
407	679	448	717	2
429	672	458	701	2
418	664	489	712	2
369	769	404	795	2
204	764	249	789	2
158	785	192	810	2
98	757	133	786	2
-1	717	19	744	2
65	786	104	811	2
2	811	25	838	2
416	581	449	613	2
518	589	551	625	2
544	690	586	717	2
633	708	655	731	2
628	654	694	698	2
652	655	684	677	2
658	672	681	695	2
624	676	652	694	2
685	647	725	680	2
691	624	729	656	2
741	610	787	658	2
760	622	816	644	2
856	654	893	685	2
730	744	756	763	2
704	748	730	766	2
685	746	764	814	1
612	799	695	855	1
619	852	654	889	2
723	819	765	871	2
705	823	732	845	2
688	844	725	870	2
667	856	698	880	2
672	875	703	900	2
694	865	724	896	2
709	865	749	890	2
426	774	463	816	2
430	757	479	789	2
307	788	335	810	2
270	811	324	840	3
402	877	426	906	3
441	847	472	874	2
517	737	555	773	3
544	750	604	769	3
242	833	275	857	2
199	826	232	853	2
159	819	196	851	2
136	843	167	871	2
125	828	153	856	2
97	841	125	873	2
65	839	101	868	2
63	854	93	885	2
10	888	48	925	2
5	924	44	950	2
162	965	205	998	2
152	890	205	933	2
280	898	313	928	2
320	924	370	962	2
364	848	408	879	2
332	861	384	907	2
638	604	688	641	2
820	701	857	730	2
893	788	922	814	2
917	752	954	788	2
787	894	837	925	2
697	919	732	946	2
666	925	709	964	2
772	923	812	963	2
731	908	775	940	2
712	893	762	931	2
409	1073	454	1132	3
516	1178	547	1200	3
385	1002	440	1070	1
309	1072	383	1126	1
298	1103	328	1129	2
285	1111	304	1134	2
267	1059	289	1081	2
223	1077	271	1106	2
205	1059	242	1087	2
196	1093	231	1126	2
173	1077	212	1107	2
189	1040	223	1068	2
176	1045	205	1067	2
149	1101	188	1133	2
145	1109	177	1140	2
125	1024	163	1050	2
125	1041	156	1063	2
114	1054	150	1079	2
92	1041	125	1077	2
79	1066	115	1103	2
64	1052	113	1097	2
-1	1042	23	1076	2
215	996	268	1023	2
-1	1128	17	1156	2
-1	1158	18	1184	2
276	1151	312	1181	2
231	1151	297	1200	1
248	1183	281	1200	2
482	1154	519	1180	2
338	1173	378	1203	2
497	1133	528	1165	2
487	1067	517	1095	2
509	1038	562	1076	2
552	1027	588	1049	2
517	1116	567	1146	2
697	1069	741	1104	2
653	1153	685	1176	2
617	1176	647	1199	2
708	1163	735	1195	2
751	1156	787	1182	2
792	1140	813	1161	2
803	1039	824	1065	2
719	1034	757	1076	3
747	1009	803	1043	3
768	957	863	1031	1
824	1000	866	1040	2
852	1056	883	1074	2
870	1047	900	1066	2
883	1007	908	1029	2
787	1077	834	1112	2
937	1151	965	1173	2
860	1141	911	1191	1
880	1160	935	1200	1
858	903	918	970	1
901	894	922	914	2
921	910	965	950	2
52	1174	111	1201	1
502	625	546	659	2
972	1136	999	1156	2
990	1156	1012	1174	2
970	1178	999	1199	2
962	1187	990	1200	2
1010	1188	1038	1202	2
1009	1160	1043	1189	2
1028	1140	1065	1166	2
1067	1119	1090	1145	2
1098	1141	1128	1171	2
1131	1134	1178	1169	2
1251	1140	1287	1169	2
1095	1189	1125	1199	2
1120	1183	1162	1200	2
1246	1041	1290	1079	2
1266	1074	1302	1104	2
1273	1126	1315	1154	2
1317	1137	1386	1176	2
1369	1098	1394	1119	2
1483	1016	1550	1071	1
1554	878	1599	952	1
1542	887	1598	967	1
1541	887	1564	920	2
1584	882	1599	902	2
1482	887	1504	911	2
1451	902	1478	926	2
1415	934	1439	955	2
1457	990	1483	1018	2
1461	1075	1487	1102	2
1438	1081	1485	1118	2
1507	1125	1532	1154	2
1466	1137	1539	1200	1
1470	1171	1506	1197	2
1498	1153	1525	1179	2
1471	1151	1528	1198	2
1433	1182	1463	1198	2
1423	1002	1464	1046	2
1365	1044	1413	1078	2
1358	939	1391	974	2
1326	952	1360	977	2
1183	941	1217	986	2
1170	964	1219	1010	2
1154	990	1182	1023	2
1121	1067	1153	1104	2
1165	1059	1214	1108	2
1189	1022	1226	1061	2
1086	968	1113	1000	2
1076	968	1113	1009	2
1025	965	1075	1009	2
952	1003	985	1031	2
938	1032	966	1061	2
960	963	991	996	2
975	930	1007	954	2
976	907	1003	936	2
994	913	1026	933	2
1005	900	1031	929	2
1006	886	1034	911	2
1017	871	1045	901	2
986	877	1010	907	2
1059	871	1133	945	1
1099	872	1130	898	2
1149	845	1179	864	2
1290	721	1348	783	1
1418	683	1461	719	2
1424	706	1475	736	2
1436	724	1472	754	2
1471	797	1508	827	2
1379	766	1401	805	3
1300	859	1319	872	2
1276	868	1310	891	2
1329	843	1359	863	2
1335	832	1368	862	2
1346	843	1373	877	2
1336	878	1361	903	2
1198	781	1250	822	2
1214	767	1256	796	2
1277	737	1309	768	2
1302	706	1336	729	2
1321	686	1345	703	2
1265	664	1313	699	2
1102	716	1132	747	2
1087	724	1129	765	2
1071	753	1097	780	2
1126	749	1158	776	2
1148	784	1195	819	2
1046	667	1089	711	2
1049	656	1085	694	2
1082	652	1111	673	2
1103	654	1134	681	2
935	644	990	681	2
884	584	979	664	1
885	632	916	661	2
898	613	930	642	2
914	598	942	621	2
924	578	952	606	2
938	583	983	603	2
989	569	1034	608	2
946	604	978	622	2
926	616	969	648	2
1571	1010	1600	1043	2
1427	843	1482	888	2
1498	682	1532	711	2
1523	631	1553	659	2
1577	666	1600	695	2
1436	636	1477	675	2
1471	617	1518	652	2
920	704	962	745	2
877	665	934	718	2
897	650	932	680	2
1225	591	1283	639	1
1158	574	1241	659	1
1194	572	1244	609	2
1225	559	1260	585	2
1259	552	1289	575	2
1288	555	1337	592	2
1338	576	1387	611	2
1372	547	1410	582	2
1498	516	1529	541	2
1486	477	1530	513	2
1555	417	1590	439	2
1374	376	1400	405	2
1387	369	1419	397	2
1331	398	1382	435	2
1304	388	1374	410	2
1165	433	1193	456	2
1107	469	1158	514	2
1177	541	1198	567	2
1193	514	1223	539	2
1202	519	1260	561	2
1223	508	1252	533	2
1019	481	1040	512	2
965	485	988	506	2
909	523	947	557	2
855	537	904	581	2
846	441	873	462	2
863	338	900	372	2
932	330	969	360	2
974	282	1016	318	2
939	273	992	315	2
1030	307	1060	334	2
1081	318	1113	345	2
1016	354	1044	381	2
958	363	1005	399	2
949	385	995	419	2
916	375	965	416	2
996	406	1026	434	3
1052	398	1099	430	2
1106	373	1152	413	2
1152	343	1189	378	2
1028	56	1078	117	1
1167	159	1233	210	1
1206	223	1258	267	3
1205	271	1237	299	2
1224	261	1263	288	2
1313	308	1346	339	2
1308	330	1354	370	2
1339	302	1374	332	2
1373	274	1406	301	2
1305	270	1348	298	2
1328	223	1376	257	2
1396	224	1452	260	2
1437	275	1466	300	2
1477	250	1512	288	2
1555	229	1598	263	2
1590	280	1599	300	2
1503	122	1530	154	2
1487	154	1530	181	2
1533	109	1577	136	2
1567	88	1599	128	2
1563	13	1599	44	2
1517	22	1558	59	2
1488	13	1528	43	2
1422	-1	1464	15	2
1401	105	1425	133	2
1386	71	1444	123	2
1328	141	1379	172	2
1316	184	1383	210	3
1303	189	1334	208	2
1271	157	1298	181	2
1259	175	1284	195	2
1283	181	1311	203	2
1063	184	1089	213	2
1077	157	1116	183	2
1086	167	1115	211	2
1144	202	1187	231	2
1176	168	1202	195	2
1196	173	1231	214	2
1179	209	1215	250	2
1151	245	1184	275	2
1133	220	1166	257	2
965	183	996	225	2
975	88	1011	127	2
1007	83	1042	113	2
1052	75	1079	104	2
1068	57	1098	82	2
1151	78	1184	105	2
1243	34	1274	60	2
1282	15	1323	48	2
1263	17	1308	53	2
1344	17	1378	38	2
1339	20	1376	53	2
1040	120	1084	146	2
1002	128	1049	168	2
752	148	788	177	2
1103	22	1129	44	2
1120	16	1176	47	2
1159	7	1202	39	2
1083	-1	1127	15	2
1042	432	1088	466	2
1242	439	1285	475	2
1299	445	1341	478	2
706	222	749	253	2
672	0	725	21	2
681	24	780	101	1
567	115	609	178	2
1018	184	1051	200	2
130	708	168	738	2
1199	838	1250	903	2
1227	821	1300	864	2
1255	914	1299	941	2
959	1103	992	1133	2
1374	633	1425	670	2
1522	731	1576	776	2
1568	777	1600	807	2
1267	386	1312	426	2
1555	378	1599	408	2
334	344	380	390	2
45	161	86	198	2
