x1	y1	x2	y2
420	57	446	92
423	27	453	52
357	5	386	30
209	25	235	43
217	16	243	32
236	43	262	63
236	34	270	60
189	56	213	81
164	46	197	73
161	25	186	47
2	23	26	48
10	15	40	38
50	52	76	74
8	73	34	102
48	86	77	115
266	67	303	89
199	82	235	105
31	170	65	197
78	144	110	177
134	199	164	226
175	143	203	166
187	140	215	163
190	169	223	188
228	168	251	204
271	185	295	216
284	195	315	215
309	207	342	227
329	225	357	248
251	262	281	291
271	279	293	304
76	261	135	286
43	212	82	243
6	195	35	228
15	273	48	302
5	300	30	318
264	411	291	435
259	436	286	464
234	449	263	473
255	465	291	498
187	469	221	499
130	460	165	481
73	525	110	554
97	493	123	511
57	434	96	460
54	404	88	436
56	392	87	412
-1	349	21	378
-1	382	23	411
18	410	48	438
61	566	87	587
161	521	190	555
270	517	298	540
439	417	472	454
386	378	415	402
346	465	368	489
338	301	369	326
333	312	363	332
304	310	322	332
311	322	330	340
360	121	387	147
368	103	395	131
377	100	402	122
386	105	419	124
390	118	416	138
415	136	448	163
435	115	451	134
450	172	474	204
474	158	505	185
483	178	513	207
467	230	489	250
542	248	577	277
515	165	547	187
477	122	502	141
508	110	559	150
457	82	499	119
535	46	566	76
529	70	555	96
561	114	586	151
605	104	636	134
629	89	657	116
639	47	666	73
609	4	638	24
614	133	636	161
644	168	671	195
709	139	732	170
700	149	729	172
747	165	769	188
764	91	789	112
790	62	828	90
759	55	788	80
727	56	757	80
676	46	714	73
704	24	743	59
687	181	713	206
719	160	746	183
727	183	759	206
710	206	746	235
671	216	702	240
659	184	688	204
633	219	663	251
567	264	590	286
816	152	841	182
831	154	867	177
931	175	956	201
899	237	931	277
850	280	876	306
811	291	836	318
734	304	773	336
782	341	805	361
737	329	778	375
705	401	732	430
681	411	708	440
694	427	722	456
654	403	680	424
642	418	661	434
610	426	635	444
584	442	615	464
578	462	623	494
669	304	702	332
605	335	625	354
589	349	613	370
555	357	584	384
528	361	550	381
533	380	561	404
541	400	565	425
494	368	519	389
473	382	494	399
450	372	480	402
436	339	467	365
426	304	447	318
412	251	430	272
452	294	472	320
527	285	553	306
412	474	452	505
441	527	470	555
622	555	654	580
598	570	622	594
726	567	750	582
804	572	826	602
820	551	845	576
832	469	864	500
836	445	866	469
725	469	753	493
689	471	725	507
656	450	690	484
606	474	648	505
930	554	965	585
929	567	953	589
761	604	808	636
590	603	626	632
777	0	805	15
117	-1	148	11
818	1	847	17
836	52	876	83
926	55	954	85
927	282	963	315
915	395	954	439
936	376	977	416
401	516	439	544
24	657	59	706
54	659	81	693
168	658	198	687
204	688	225	708
208	640	244	679
248	626	287	659
389	644	429	677
426	659	454	681
514	697	537	724
496	592	522	625
343	659	368	680
398	684	423	711
419	707	448	730
374	708	404	729
336	719	369	736
312	744	340	767
306	722	334	747
293	727	319	754
146	770	171	797
189	757	237	786
235	745	270	772
10	804	33	824
-1	815	20	836
118	871	146	898
74	933	106	957
15	994	43	1015
1	988	13	1016
83	1026	115	1058
155	989	187	1019
227	1005	255	1030
263	1012	283	1037
289	1064	318	1088
123	1063	152	1090
68	1079	107	1109
14	1080	51	1107
1	1105	50	1132
189	876	217	909
250	854	280	885
251	843	277	867
253	888	278	913
280	873	297	893
276	933	302	956
316	914	344	940
313	884	338	912
316	828	343	864
375	817	408	844
501	841	525	860
489	809	522	838
460	810	492	842
578	845	601	872
570	882	592	909
538	882	569	917
568	933	605	955
673	876	709	910
597	676	631	708
608	737	633	769
618	708	652	736
826	633	855	668
888	608	909	632
898	621	920	643
902	606	932	634
895	654	923	679
949	679	972	712
967	656	991	688
790	688	823	729
755	759	792	798
908	762	937	782
886	795	917	826
903	807	937	855
887	874	915	901
780	866	813	898
793	878	819	912
760	850	785	874
769	828	787	852
777	836	799	854
939	929	972	962
877	969	910	1005
871	999	899	1020
902	1009	930	1035
886	1097	925	1121
775	1004	804	1030
800	1010	829	1031
802	982	829	1008
657	995	690	1025
691	1021	718	1053
632	982	657	1003
256	1108	286	1133
255	1135	285	1163
238	1156	269	1186
10	1142	59	1166
379	1061	405	1096
377	1011	406	1036
392	991	420	1011
397	964	420	989
429	983	471	1010
477	1019	511	1043
502	984	533	1011
590	1034	615	1055
592	1056	617	1080
596	1068	622	1095
532	1055	565	1079
505	1060	538	1093
540	1085	559	1109
826	1162	856	1193
804	1173	841	1196
974	872	1012	904
1055	913	1093	942
1091	1017	1115	1044
991	1008	1024	1054
1058	1080	1086	1109
1045	1104	1071	1125
1054	1116	1099	1150
996	1119	1022	1151
975	1111	1001	1135
976	1145	1008	1174
971	1164	1000	1195
1194	1190	1214	1198
1041	1172	1062	1193
947	1152	982	1177
1385	1119	1416	1148
1255	1086	1277	1111
1237	1114	1262	1138
1247	1051	1281	1077
1302	997	1328	1020
1318	1002	1352	1036
1455	975	1483	1014
1536	885	1557	909
1553	868	1581	895
1546	926	1570	950
1428	839	1465	869
1449	818	1487	844
1357	805	1379	826
1306	811	1338	843
1336	851	1359	877
1321	877	1349	905
1279	903	1302	923
1299	910	1321	932
1194	875	1224	899
1176	864	1198	884
1119	812	1147	834
987	786	1023	813
1027	718	1055	747
1281	780	1317	802
1241	728	1274	751
998	641	1021	666
990	616	1015	643
1082	609	1112	638
1488	700	1515	720
1493	736	1533	771
1403	785	1447	816
1511	615	1543	647
1549	653	1581	681
1585	578	1600	614
1430	648	1461	681
1408	613	1442	643
1463	564	1490	601
1497	569	1522	590
1490	590	1519	621
1170	563	1204	593
1224	583	1243	612
1233	580	1263	612
1234	563	1269	589
1561	1079	1595	1110
1498	1171	1532	1198
1021	557	1051	590
1033	574	1057	594
1203	541	1224	564
1174	551	1197	560
1164	529	1219	567
1306	534	1342	565
1261	548	1301	594
1223	501	1249	524
1230	483	1254	504
1191	499	1219	524
1166	496	1196	519
1152	486	1177	503
1137	491	1169	514
1161	472	1182	494
1016	70	1046	101
1003	17	1025	38
1090	94	1131	117
1091	56	1111	79
1108	55	1133	76
1123	66	1147	87
1137	38	1165	64
1188	5	1213	26
1252	54	1284	84
1052	213	1086	245
1055	192	1086	217
1065	253	1098	281
1096	254	1123	278
1097	235	1121	261
1141	318	1172	345
1116	347	1142	373
1141	302	1158	316
1193	375	1218	396
1178	270	1200	288
1276	220	1299	245
1316	18	1351	45
1266	0	1310	17
1347	236	1371	271
1316	384	1338	410
1313	374	1334	391
1237	343	1275	374
1251	377	1287	406
1377	294	1401	320
1382	275	1404	294
1403	284	1425	306
1419	257	1447	286
1428	241	1455	264
1447	238	1476	268
1547	450	1579	479
1559	455	1588	495
1551	420	1572	440
1584	366	1599	389
1578	299	1599	320
1547	289	1574	313
1534	271	1561	298
1544	254	1571	284
1521	248	1554	269
1487	156	1523	182
1519	137	1544	162
1418	159	1443	184
1496	185	1524	211
1526	72	1554	96
1494	40	1524	70
1522	37	1546	64
1568	8	1596	41
1523	4	1547	24
1562	0	1593	13
1576	13	1601	54
1317	72	1344	103
336	100	370	136
160	272	177	293
198	294	222	311
166	307	193	340
444	1117	474	1152
887	318	930	357
