x1	y1	x2	y2	celltype
473	144	507	203	3
250	167	272	212	3
697	206	756	237	3
37	29	68	85	3
74	45	108	69	2
6	46	29	66	2
0	0	25	22	2
54	-1	85	14	2
2	68	28	104	2
2	105	35	136	2
39	105	71	135	2
23	140	81	189	1
40	172	74	217	2
0	156	25	201	2
35	198	70	227	2
71	208	107	253	2
80	252	100	268	2
115	229	134	251	2
104	260	130	283	2
82	270	114	293	2
53	288	90	311	2
45	294	90	319	2
207	260	246	296	2
151	294	180	322	2
168	228	191	251	2
214	201	243	225	2
247	136	277	169	2
235	93	288	169	1
186	-1	248	53	1
130	44	174	89	1
148	31	170	56	2
179	15	208	43	2
262	32	309	67	2
203	50	235	76	2
302	90	336	118	2
323	126	350	151	2
332	138	354	163	2
350	132	378	154	2
292	153	325	178	2
382	187	406	211	2
410	214	436	238	2
340	244	415	314	1
373	248	404	272	2
427	270	451	297	2
431	270	448	284	2
303	291	327	311	2
290	308	309	325	2
265	294	292	323	2
259	289	306	347	1
392	302	415	325	2
389	330	410	350	2
322	378	360	409	2
275	418	303	440	2
250	454	283	491	2
220	455	265	489	2
215	490	254	516	2
190	487	222	521	2
179	513	209	540	2
149	480	174	500	2
17	520	62	594	1
40	564	72	586	2
58	444	79	466	2
96	300	129	339	3
82	342	111	364	3
59	317	83	348	2
13	365	36	388	2
-1	287	17	305	2
124	332	153	362	2
137	313	164	339	2
97	379	122	405	2
96	422	155	498	1
103	444	142	468	2
93	514	120	540	2
293	453	360	530	1
297	511	320	536	2
274	494	304	514	2
167	459	222	503	1
246	538	265	559	2
212	536	242	571	2
250	553	274	580	2
311	545	345	573	2
364	437	388	462	2
382	423	416	457	2
397	458	433	490	2
374	481	409	522	2
397	518	424	544	2
447	387	483	444	3
518	425	567	473	1
574	439	618	482	1
603	418	625	442	2
510	387	538	408	2
495	376	551	416	2
493	353	528	392	2
519	349	562	389	2
479	289	522	327	2
475	138	558	217	1
506	126	538	163	2
508	100	535	126	2
529	118	562	145	2
455	59	485	89	2
426	99	465	130	2
390	104	421	131	2
368	95	396	118	2
475	45	507	80	2
462	31	490	62	2
484	28	516	54	2
464	1	497	24	2
251	0	307	16	1
515	22	548	49	2
545	61	574	80	2
555	40	608	73	2
509	68	548	99	2
551	89	583	131	3
563	114	597	139	2
584	251	620	280	2
553	230	602	268	1
611	270	640	293	2
604	241	675	327	1
645	249	678	283	2
670	212	718	253	2
676	277	733	342	1
713	262	762	297	2
792	259	832	305	1
699	256	724	279	2
698	276	725	301	2
683	296	708	324	2
667	318	696	344	2
655	339	687	368	2
674	339	707	367	2
636	385	703	468	1
670	398	701	424	2
748	379	781	394	2
730	339	755	371	2
742	402	766	423	2
520	476	544	503	2
553	490	588	517	2
573	511	605	560	3
567	475	634	595	1
569	537	597	568	2
517	511	571	573	1
549	565	581	592	2
448	546	485	572	2
696	77	734	122	3
665	51	731	96	1
669	49	694	73	2
671	-1	722	43	1
677	-1	709	39	2
743	57	764	76	2
752	63	776	85	2
756	23	791	54	2
785	7	809	38	3
842	16	873	48	2
857	79	882	104	2
774	106	806	133	2
770	138	798	172	2
867	125	893	154	2
892	0	923	13	2
855	1	950	47	1
803	-1	848	9	2
901	172	944	239	3
908	207	946	235	2
894	206	936	245	2
858	193	915	231	1
870	214	897	233	2
861	236	886	258	2
874	249	903	274	2
841	242	863	267	2
897	254	932	279	2
886	280	915	315	2
894	278	916	299	2
863	272	901	297	2
909	280	946	306	2
898	317	921	343	2
917	330	944	375	3
908	373	940	389	2
929	377	958	402	2
912	397	953	475	3
854	465	915	488	3
878	350	906	381	2
848	351	880	382	2
848	399	879	426	2
869	405	896	434	2
824	475	879	524	1
708	434	785	503	1
666	508	716	560	1
732	530	763	558	2
751	511	782	539	2
773	526	815	566	2
756	550	782	573	2
905	530	934	567	2
914	561	943	586	2
85	570	115	598	2
330	152	374	195	2
404	47	446	96	1
240	258	269	292	2
0	338	39	392	1
172	407	238	450	1
282	361	315	410	2
335	419	364	448	2
602	370	639	407	2
491	591	530	647	3
566	587	597	619	3
591	626	631	661	2
414	653	438	673	2
377	636	437	704	1
402	684	435	715	2
371	670	405	695	2
307	657	350	709	1
364	695	408	734	1
374	699	414	726	2
323	716	364	748	2
321	717	347	743	2
330	618	362	642	3
572	858	634	896	3
590	871	628	918	3
408	914	450	955	3
359	1021	389	1071	3
276	1101	319	1143	3
350	1119	392	1167	3
704	1041	735	1103	3
723	758	748	810	3
122	1058	195	1136	1
79	1012	174	1095	1
147	590	179	613	2
156	577	200	606	2
270	599	309	628	2
290	632	319	663	2
281	685	325	707	2
262	694	286	714	2
239	641	265	661	2
156	632	176	659	2
97	635	135	667	2
60	602	95	634	2
1	636	29	667	2
-1	596	13	619	2
51	691	79	717	2
54	733	95	781	1
15	728	61	762	1
0	762	35	790	2
1	805	51	844	1
0	786	36	808	1
1	813	13	828	2
28	830	58	852	2
84	787	122	811	2
142	723	167	744	2
159	715	217	774	1
164	752	184	771	2
175	784	201	805	2
109	691	135	721	2
95	669	114	690	2
339	778	364	798	2
321	799	344	824	3
371	818	400	836	2
411	777	432	794	2
421	771	443	789	2
364	850	399	882	2
81	852	120	895	2
90	876	131	903	2
113	884	141	906	2
55	895	84	918	2
8	892	44	917	2
131	939	172	972	2
166	928	188	950	2
173	912	218	982	1
107	962	134	990	2
118	968	145	1000	2
152	978	178	1000	2
100	988	129	1021	2
79	987	107	1009	2
10	1028	51	1063	2
28	1051	60	1080	2
9	1077	35	1104	2
0	1067	38	1144	1
42	1077	69	1109	2
66	1057	88	1079	2
69	1030	96	1059	2
79	1074	105	1100	2
80	1089	108	1112	2
146	1120	174	1155	2
91	1130	142	1177	1
144	1158	171	1185	2
163	1153	187	1177	2
226	1085	255	1116	2
236	1060	296	1115	1
270	1023	300	1057	3
212	1003	241	1022	2
147	1035	202	1078	1
177	1037	205	1061	2
296	913	322	940	2
300	903	333	930	2
303	949	326	971	2
263	918	300	950	2
333	985	359	1016	2
366	1009	396	1037	2
417	1055	449	1079	2
371	1122	401	1146	2
366	1141	401	1177	2
332	1153	365	1180	2
299	1154	326	1177	2
453	1160	530	1199	1
347	1161	438	1200	1
421	1106	447	1144	2
454	1108	498	1136	2
484	1134	516	1162	2
530	1138	558	1163	2
488	1048	524	1072	2
534	1068	564	1092	2
558	1087	588	1113	2
479	976	523	1026	1
480	952	531	988	1
474	970	516	994	2
450	910	487	947	2
422	896	480	923	1
438	931	463	956	2
465	854	490	885	2
509	818	538	837	2
525	854	553	878	2
509	869	543	899	2
542	892	564	911	2
586	921	610	944	2
597	948	627	972	2
609	995	657	1027	1
627	1031	652	1054	2
617	1050	647	1087	2
653	1116	678	1140	2
656	1155	681	1180	2
639	1170	668	1201	2
771	1142	806	1173	2
704	1102	723	1130	3
666	955	755	1026	1
730	954	768	977	2
663	904	688	931	3
543	760	571	784	2
492	755	522	783	2
534	805	563	835	2
583	835	602	854	2
550	748	570	766	2
495	656	520	682	2
477	599	509	633	2
438	578	481	621	1
441	589	507	675	1
654	629	675	650	2
690	598	715	624	2
686	610	766	704	1
663	681	714	734	1
677	634	723	677	3
710	617	736	631	2
743	585	766	607	2
751	595	779	623	2
762	672	783	693	2
778	666	810	702	2
733	707	759	730	2
642	709	668	730	2
586	746	615	775	2
655	736	679	756	2
607	689	639	711	2
689	768	718	797	3
676	793	702	818	2
666	833	698	871	1
738	842	765	889	3
656	857	684	879	2
743	1037	770	1054	2
788	1024	823	1047	2
825	1037	854	1068	2
846	1059	870	1082	2
858	1107	882	1128	2
861	1127	882	1151	2
835	1120	865	1140	2
824	1133	848	1162	2
879	1171	900	1197	2
874	1066	938	1130	1
938	1047	956	1068	2
904	1004	927	1026	2
859	965	882	989	2
840	947	871	977	2
853	924	881	948	2
860	893	884	916	2
797	882	833	909	2
763	876	791	898	2
789	850	812	868	2
759	815	802	848	2
850	814	872	839	2
842	807	898	857	1
883	862	904	889	2
901	898	930	950	3
933	951	968	998	3
938	921	973	958	2
924	812	949	837	2
910	797	935	826	2
897	713	924	755	3
948	737	974	759	2
953	763	973	788	2
949	630	983	713	3
925	702	963	737	2
876	644	907	675	2
809	606	871	663	1
859	585	899	611	2
930	602	959	635	2
760	708	810	762	1
109	895	138	952	3
123	851	183	895	1
0	1182	15	1200	2
167	1186	202	1199	2
115	667	162	707	1
1003	998	1103	1173	1
1045	1113	1103	1130	3
991	1013	1033	1045	2
1024	1037	1051	1062	2
969	1144	996	1170	2
964	1158	1000	1180	2
935	1184	974	1199	2
1124	1153	1175	1198	1
1280	1112	1357	1143	3
1434	1072	1466	1122	3
1367	1137	1414	1175	3
1252	955	1290	1009	3
1287	864	1328	907	3
1338	707	1368	762	3
1293	705	1328	743	3
1033	712	1072	747	1
1058	670	1088	703	1
1107	710	1156	757	1
1470	718	1511	764	1
1010	940	1077	999	1
1038	962	1083	1003	2
1082	959	1108	982	2
1043	1015	1067	1040	2
1064	1086	1084	1102	2
1093	1091	1113	1114	2
1118	1090	1142	1110	2
1127	1020	1167	1066	1
1175	1042	1202	1072	2
1222	1016	1252	1062	2
1234	1078	1256	1096	2
1219	1102	1238	1131	2
1248	1092	1286	1131	1
1275	1069	1299	1093	2
1211	956	1240	980	2
1282	956	1300	973	2
1275	995	1294	1017	2
1181	892	1203	918	2
1100	868	1121	897	2
1091	892	1119	916	2
1071	924	1100	953	2
1034	879	1070	901	2
1015	838	1040	865	2
961	861	983	883	2
975	845	1008	892	1
991	795	1035	830	1
1044	776	1094	821	1
1040	754	1066	776	2
1023	694	1051	715	3
1004	736	1030	757	2
1003	717	1049	739	3
1003	767	1029	790	2
1083	736	1110	755	3
1111	704	1137	731	2
1118	682	1143	704	2
1097	764	1125	787	2
1133	766	1156	791	2
1154	773	1179	799	2
1163	747	1186	772	2
1176	778	1196	802	2
1144	801	1173	828	3
1165	825	1198	855	3
1213	760	1235	788	3
1254	851	1280	877	2
1262	825	1316	901	1
1324	851	1348	879	2
1312	823	1339	849	2
1315	800	1338	822	2
1264	786	1295	810	2
1333	773	1355	794	2
1330	751	1359	778	2
1276	720	1307	747	2
1291	907	1313	934	2
1317	888	1339	914	2
1393	864	1420	892	2
1425	846	1464	891	1
1435	859	1473	900	1
1509	937	1539	965	3
1494	896	1525	924	2
1414	945	1447	972	2
1394	930	1417	952	2
1403	1017	1428	1044	2
1402	993	1454	1020	1
1395	1048	1419	1072	2
1371	1114	1401	1136	2
1492	1066	1531	1093	1
1535	1027	1563	1051	2
1568	1105	1591	1132	2
1530	1136	1579	1182	1
1559	1133	1590	1166	2
1435	1151	1478	1197	1
1446	1166	1473	1187	2
1522	1184	1560	1198	2
1434	1027	1463	1056	2
1285	1158	1364	1201	1
1313	1179	1344	1202	2
1557	968	1601	1040	1
1583	922	1599	954	2
1562	944	1584	965	2
1541	915	1569	940	2
1504	835	1543	879	1
1565	783	1599	827	1
1546	796	1570	824	2
1446	761	1471	782	2
1394	775	1481	825	1
1462	793	1489	814	2
1411	756	1439	780	2
1426	717	1457	758	2
1522	732	1550	764	2
1505	678	1565	727	1
1496	695	1525	723	2
1510	650	1540	676	2
1552	685	1590	721	2
1494	615	1531	644	2
1499	606	1528	631	2
1499	592	1534	618	2
1524	604	1556	636	2
1525	628	1556	691	1
1460	609	1491	649	2
1444	599	1475	624	2
1466	635	1515	672	1
1366	656	1396	694	2
1547	726	1566	755	2
1248	680	1277	706	2
1240	662	1270	681	2
1257	625	1309	676	1
1274	637	1294	662	2
1332	603	1355	627	2
1181	660	1227	681	2
1155	609	1187	642	2
1186	616	1216	641	2
1168	592	1198	616	2
1124	599	1151	623	2
1060	602	1089	622	2
1032	536	1087	614	1
1048	549	1074	580	2
1015	566	1042	589	2
964	519	990	549	2
974	452	1008	518	1
933	464	959	489	2
981	356	1018	383	2
992	326	1020	357	2
975	226	1005	259	2
933	136	995	203	1
988	100	1043	155	1
995	183	1066	229	1
1003	200	1043	230	2
1002	131	1031	154	2
989	146	1020	174	2
964	150	992	175	2
977	121	1004	150	2
959	99	988	124	2
1010	74	1039	107	2
1042	69	1071	89	2
1016	79	1052	120	2
983	44	1017	70	2
983	19	1016	45	2
1103	-1	1134	21	2
1139	74	1166	115	2
1128	107	1162	160	3
1184	242	1247	287	3
1178	270	1227	317	1
1265	426	1296	492	3
1229	508	1282	559	1
1505	548	1550	592	1
1528	558	1584	625	1
1434	536	1459	559	2
1422	553	1447	580	2
1467	569	1489	594	2
1545	521	1584	553	2
1549	480	1577	507	2
1550	493	1577	517	2
1418	471	1445	504	2
1476	453	1517	494	1
1451	441	1485	472	2
1434	483	1483	522	2
1500	440	1535	468	2
1521	411	1564	444	2
1317	462	1354	491	2
1295	464	1314	480	2
1298	510	1325	533	2
1230	488	1255	513	2
1238	555	1262	582	2
1292	540	1319	563	2
1346	497	1388	550	1
1400	417	1430	444	2
1387	377	1409	400	2
1354	401	1381	428	2
1304	425	1341	452	2
1296	369	1324	399	2
1276	373	1300	394	2
1282	342	1303	366	2
1285	314	1316	349	2
1364	280	1402	324	2
1252	229	1301	258	2
1180	192	1210	227	2
1149	180	1176	201	2
1100	204	1135	235	2
1069	241	1103	262	3
1067	263	1099	287	2
1122	273	1152	301	2
1059	326	1089	352	2
1040	420	1081	462	1
1101	391	1149	431	1
1172	402	1198	425	2
1151	448	1180	474	2
1202	493	1226	519	2
1096	534	1117	560	2
1143	535	1166	558	2
1139	552	1159	577	2
1134	572	1152	590	2
1148	570	1169	590	2
1098	582	1123	608	2
1177	553	1197	575	2
1201	401	1228	432	2
1196	387	1219	401	2
1218	309	1262	349	1
1167	347	1188	373	2
1134	324	1165	355	2
1196	32	1234	66	2
1212	32	1237	51	2
1158	0	1200	19	2
1230	1	1269	23	1
1266	31	1286	54	2
1270	97	1297	119	2
1242	137	1274	164	2
1312	95	1342	124	2
1331	63	1364	86	2
1358	42	1382	64	2
1303	0	1329	18	2
1382	0	1417	12	2
1393	18	1423	49	2
1446	11	1478	33	2
1569	91	1596	118	2
1559	143	1596	164	2
1414	140	1456	196	1
1426	137	1496	216	1
1475	102	1504	154	2
1449	83	1477	116	2
1492	89	1519	114	2
1523	0	1595	14	1
1473	1	1522	51	1
1379	81	1412	114	2
1355	146	1388	165	2
1399	134	1425	158	2
1409	150	1435	183	2
1407	196	1432	225	2
1456	208	1492	238	3
1397	231	1425	258	2
1349	153	1386	191	2
1332	198	1362	218	2
1457	304	1489	336	2
1496	332	1545	369	3
1499	342	1523	364	2
1510	277	1541	313	2
1525	258	1545	275	2
1535	291	1559	320	2
1563	260	1585	278	2
1579	292	1600	310	2
682	353	732	396	1
20	869	64	904	2
1549	666	1598	767	1
