x1	y1	x2	y2	celltype
787	470	217	534	1
217	512	308	690	1
268	120	302	152	2
497	348	590	465	1
200	355	267	461	1
114	698	191	768	1
292	691	388	787	1
561	768	635	830	1
794	494	897	572	1
675	287	735	398	1
522	162	580	234	1
1001	225	1067	308	1
1172	447	1285	572	1
1481	135	1598	267	1
1524	231	1595	324	1
1292	10	1391	102	1
1042	0	1178	67	1
837	624	910	674	1
832	554	897	637	1
252	987	320	1062	1
508	961	587	1037	1
757	1074	837	1140	1
561	687	661	744	1
425	511	510	581	1
522	860	575	911	1
1321	618	1421	674	1
1115	224	1212	287	1
924	274	1010	352	1
917	337	1014	401	1
788	321	874	410	1
1458	580	1527	667	1
1187	98	1227	162	3
1181	147	1224	212	3
0	618	40	705	1
0	12	21	35	2
18	31	55	65	2
140	0	182	18	2
195	1	228	22	2
237	12	264	44	2
198	32	225	61	2
218	24	247	51	2
174	47	204	82	2
137	55	161	94	2
100	62	127	97	2
77	100	107	127	2
34	122	72	152	2
5	141	42	171	2
205	101	244	140	2
208	60	258	102	2
281	41	320	75	2
301	54	328	88	2
344	71	370	98	2
394	37	427	64	2
400	0	448	37	2
380	74	405	101	2
461	0	485	21	2
524	20	552	50	2
507	0	540	14	2
491	0	535	35	2
598	0	624	27	2
604	14	631	50	2
642	28	671	51	2
222	167	254	200	2
210	192	250	227	2
274	187	305	214	2
107	210	131	234	2
50	204	75	228	2
0	208	25	248	2
28	230	70	264	2
10	258	77	288	2
11	257	77	290	2
62	230	87	251	2
82	235	108	262	2
97	225	124	247	2
154	242	181	271	2
85	298	115	325	2
112	300	141	325	2
134	312	158	335	2
227	288	251	315	2
188	327	220	355	2
191	328	220	355	2
95	342	120	371	2
60	370	85	400	2
304	281	328	305	2
124	387	154	417	2
108	400	138	428	2
72	428	130	464	2
1	477	35	521	2
112	454	144	490	2
148	430	191	475	2
220	440	251	470	2
255	352	288	380	2
267	342	297	370	2
287	370	318	404	2
305	400	332	427	2
242	384	268	424	2
265	392	287	421	2
378	418	400	442	2
421	401	455	431	2
308	431	337	465	2
274	435	310	471	2
418	277	454	304	2
411	288	444	317	2
391	191	431	221	2
395	170	424	195	2
427	151	458	187	2
500	201	531	232	2
541	131	571	157	2
548	92	592	142	2
608	135	641	172	2
608	202	638	230	2
460	234	500	265	2
472	262	501	292	2
501	262	527	290	2
514	282	552	310	2
548	257	582	282	2
575	271	608	301	2
582	242	617	267	2
604	240	637	262	2
657	208	695	237	2
658	161	685	188	2
711	210	741	237	2
690	118	714	144	2
691	68	731	117	2
727	130	747	158	2
750	137	784	167	2
771	195	802	222	2
617	271	642	297	2
211	475	242	507	2
78	535	107	565	2
167	558	197	591	2
147	592	178	621	2
2	625	34	675	2
31	607	62	638	2
54	590	112	635	2
74	697	105	732	2
11	701	45	731	2
5	741	48	777	2
178	720	208	748	2
295	464	315	491	2
274	471	304	502	2
302	494	322	510	2
317	498	351	544	2
351	510	372	537	2
371	524	400	552	2
372	545	407	580	2
324	568	352	590	2
314	507	394	580	1
268	647	301	680	2
308	614	337	647	2
371	591	421	634	2
371	634	395	661	2
280	731	308	761	2
340	681	365	714	2
397	664	427	702	2
452	687	485	722	2
351	714	384	744	2
388	722	424	760	2
465	750	491	785	2
311	754	335	782	2
357	765	384	795	2
78	750	107	782	2
82	774	120	801	2
107	785	138	824	2
102	820	135	851	2
12	814	54	850	2
91	851	138	900	2
21	861	51	892	2
41	892	81	931	2
258	821	292	870	2
372	854	404	888	2
20	971	62	1007	2
40	998	67	1020	2
90	991	128	1022	2
51	1031	84	1060	2
0	1098	31	1131	2
11	1137	48	1181	2
37	1151	61	1178	2
1	1188	38	1198	2
40	1178	70	1200	2
72	1174	130	1200	2
101	1168	128	1187	2
104	1110	128	1144	2
155	1141	191	1174	2
97	1077	134	1112	2
104	1100	205	1175	1
820	981	904	1058	1
1022	798	1097	900	1
491	331	525	364	2
558	308	604	341	2
492	412	522	442	2
427	555	462	602	2
451	598	474	627	2
471	602	502	634	2
497	634	525	660	2
190	888	215	914	2
194	905	222	932	2
205	942	228	968	2
310	838	332	864	2
330	861	354	882	2
300	852	325	882	2
247	897	272	927	2
240	920	265	941	2
238	917	268	947	2
225	934	321	995	1
285	901	324	931	2
302	914	335	958	2
322	951	355	985	2
364	911	412	951	2
370	952	401	981	2
344	980	388	1022	2
301	1050	337	1080	2
272	1078	300	1111	2
244	1100	280	1134	2
258	1161	304	1197	2
307	1091	350	1134	2
342	1077	382	1111	2
365	1048	395	1078	2
451	837	491	884	2
481	867	515	900	2
504	841	555	900	2
565	937	595	972	2
492	1001	522	1028	2
521	1010	548	1038	2
517	1030	552	1065	2
510	1060	557	1095	2
460	1088	485	1112	2
574	971	601	1005	2
577	1004	604	1034	2
601	971	632	998	2
678	950	711	981	2
747	927	774	950	2
458	1151	487	1175	2
421	1168	451	1197	2
447	1175	470	1198	2
504	1157	530	1182	2
535	1158	564	1185	2
520	1121	547	1158	2
535	1092	567	1127	2
548	1071	597	1112	2
575	1064	602	1094	2
621	1024	650	1044	2
620	1040	671	1074	2
612	1008	655	1048	2
614	1107	644	1138	2
575	1148	628	1184	2
612	1154	645	1185	2
640	1184	682	1201	2
665	1171	691	1195	2
714	1054	745	1084	2
768	1034	794	1060	2
798	1050	821	1075	2
704	1147	755	1188	2
735	1174	762	1197	2
768	1142	791	1168	2
742	1124	770	1145	2
754	1111	781	1137	2
788	1114	822	1152	2
848	1050	872	1075	2
791	857	820	888	2
814	867	855	902	2
848	914	900	957	2
918	974	950	1008	2
910	1040	937	1070	2
950	1021	977	1050	2
965	1037	1004	1065	2
902	1115	932	1141	2
934	1091	964	1120	2
990	1081	1017	1104	2
937	1148	962	1174	2
920	1191	941	1198	2
531	758	570	791	2
521	712	610	788	1
610	711	634	744	2
627	717	670	775	2
604	657	630	690	2
611	622	647	655	2
637	664	667	692	2
610	835	635	865	2
634	830	667	864	2
664	801	695	834	2
662	810	710	857	2
687	777	727	818	2
708	792	755	817	2
707	802	747	847	2
745	787	774	811	2
758	780	790	798	2
790	761	827	794	2
800	755	824	777	2
712	725	744	752	2
535	521	561	544	2
560	525	590	554	2
542	557	575	588	2
572	545	600	584	2
598	532	632	565	2
641	510	690	542	2
688	524	715	552	2
680	574	705	602	2
691	601	730	628	2
591	322	641	364	2
642	325	677	375	2
591	472	628	498	2
610	444	661	484	2
638	474	670	507	2
681	411	702	441	2
695	402	721	425	2
698	422	730	451	2
724	397	762	425	2
748	375	782	405	2
781	354	811	384	2
750	320	777	345	2
795	544	824	577	2
821	602	851	631	2
837	581	884	615	2
828	484	858	524	2
871	522	898	548	2
890	542	924	584	2
890	437	918	470	2
768	645	797	672	2
947	482	987	512	2
274	785	307	815	2
921	595	955	627	2
920	585	978	628	2
774	677	817	712	2
774	705	815	737	2
771	705	815	738	2
825	702	862	741	2
860	732	890	762	2
891	735	924	764	2
931	722	967	754	2
952	744	985	778	2
895	780	922	807	2
987	737	1012	761	2
1022	732	1052	760	2
955	792	982	824	2
912	820	947	871	2
905	842	941	877	2
1055	677	1082	704	2
980	891	1007	917	2
1000	917	1037	947	2
1055	805	1080	835	2
1060	835	1091	862	2
1028	894	1067	941	2
1051	894	1085	921	2
1042	971	1078	997	2
1042	1002	1067	1025	2
1047	1028	1092	1058	2
1084	1031	1108	1062	2
1057	1141	1085	1171	2
1051	1131	1100	1168	2
1120	1127	1164	1157	2
1165	1144	1195	1178	2
1131	1172	1190	1197	2
1182	1127	1221	1157	2
1148	1060	1175	1082	2
1115	995	1152	1024	2
1182	1061	1211	1091	2
1218	1035	1261	1067	2
1241	1081	1274	1112	2
1320	1024	1347	1055	2
1220	990	1257	1022	2
1245	1011	1278	1031	2
1252	985	1275	1014	2
1267	994	1298	1022	2
1311	1065	1358	1102	2
1312	1087	1340	1114	2
1291	1100	1320	1122	2
1304	1127	1327	1152	2
1304	1130	1331	1155	2
1370	1120	1404	1155	2
1370	1078	1401	1107	2
1404	1075	1430	1098	2
1401	1037	1427	1062	2
1427	1045	1454	1075	2
1445	1078	1477	1111	2
1485	995	1524	1028	2
1408	1161	1458	1192	2
1548	1144	1571	1168	2
1581	1127	1598	1158	2
1507	1191	1548	1200	2
1467	1154	1562	1195	1
1511	928	1555	965	2
1582	1038	1598	1067	2
1570	1004	1598	1032	2
1557	972	1585	1008	2
1567	938	1597	987	2
1465	880	1500	911	2
1247	931	1285	965	2
1110	925	1140	958	2
1124	941	1168	974	2
1174	895	1231	951	2
1127	850	1150	880	2
1161	851	1194	884	2
1187	815	1215	847	2
1122	844	1204	887	2
1208	804	1241	837	2
1108	791	1134	814	2
1151	752	1184	781	2
1280	810	1310	837	2
1317	907	1362	950	2
1334	875	1358	898	2
1364	871	1392	900	2
1380	895	1414	927	2
1490	798	1548	835	2
1417	805	1445	837	2
1325	795	1355	822	2
1371	818	1410	848	2
1341	827	1377	862	2
1502	681	1530	705	2
1344	771	1364	797	2
1562	714	1595	748	2
1565	734	1600	768	2
1502	708	1547	752	2
1505	730	1551	775	2
1375	741	1412	781	2
1250	770	1284	794	2
1222	742	1260	775	2
1278	730	1305	762	2
1251	654	1292	690	2
1282	670	1308	701	2
1327	658	1361	692	2
1350	692	1380	724	2
1381	661	1407	685	2
1422	681	1474	717	2
1390	705	1421	734	2
1414	718	1442	744	2
1377	691	1418	722	2
1378	595	1414	631	2
1421	630	1451	665	2
1442	584	1472	611	2
1467	490	1492	518	2
1472	517	1507	548	2
1494	501	1514	527	2
1504	507	1534	538	2
1512	530	1541	552	2
1541	481	1564	502	2
1554	458	1588	492	2
1478	551	1517	575	2
1538	554	1571	590	2
1574	562	1601	588	2
1524	587	1552	617	2
1485	601	1521	647	2
1064	628	1114	652	2
1075	611	1105	641	2
1078	570	1115	617	2
1011	552	1047	584	2
1111	551	1157	594	2
1345	731	1387	761	2
1025	488	1057	524	2
1042	502	1075	534	2
1087	480	1115	510	2
1100	460	1138	485	2
1114	454	1178	492	2
1174	420	1205	444	2
1254	510	1287	544	2
1261	471	1297	514	2
1295	471	1330	508	2
922	387	958	415	2
951	270	975	298	2
1007	288	1034	321	2
1021	301	1051	334	2
1102	335	1138	367	2
1162	345	1194	377	2
1287	440	1320	468	2
1207	408	1245	442	2
1221	370	1254	412	2
1211	387	1252	421	2
1262	384	1284	411	2
1277	378	1307	410	2
1410	435	1442	465	2
1320	388	1352	424	2
1352	405	1402	444	2
1310	354	1341	380	2
1318	350	1367	401	2
1347	374	1370	404	2
1372	372	1394	401	2
1395	388	1425	424	2
1444	400	1521	457	1
1445	367	1478	404	2
1494	348	1527	378	2
1427	352	1455	380	2
1320	304	1347	331	2
1385	351	1410	384	2
1377	288	1497	341	1
1428	271	1460	298	2
1438	232	1471	267	2
1492	267	1521	291	2
1520	287	1548	317	2
1517	220	1540	251	2
1548	220	1578	250	2
1438	60	1482	95	2
1107	298	1134	327	2
774	245	804	272	2
807	181	835	211	2
787	215	834	251	2
807	204	852	252	2
825	127	857	157	2
830	260	875	292	2
854	250	881	268	2
870	257	904	282	2
881	224	904	254	2
874	184	914	212	2
1068	271	1095	301	2
1090	274	1118	305	2
1137	278	1161	301	2
1178	237	1205	262	2
1184	282	1202	312	2
1204	265	1244	317	2
1234	270	1255	300	2
1297	258	1322	287	2
1335	255	1377	291	2
1500	75	1538	104	2
1520	47	1561	82	2
1572	84	1597	117	2
1591	8	1598	30	2
1100	71	1137	107	2
1347	180	1372	207	2
1382	168	1412	195	2
1432	154	1475	190	2
1287	141	1318	171	2
1248	178	1275	205	2
1117	191	1161	225	2
1154	191	1191	220	2
1105	171	1140	195	2
1250	144	1275	170	2
1248	110	1270	144	2
1237	75	1264	105	2
1214	88	1305	137	1
1082	130	1111	155	2
1050	137	1094	178	2
1012	184	1040	215	2
997	151	1025	185	2
1012	121	1044	154	2
1227	0	1262	20	2
1264	0	1294	22	2
1288	64	1320	95	2
1342	47	1377	77	2
1362	21	1387	50	2
1384	5	1410	35	2
1387	35	1427	67	2
1075	0	1108	20	2
1030	0	1072	14	2
905	131	941	162	2
900	112	928	141	2
945	110	985	137	2
952	94	998	128	2
788	104	828	135	2
758	107	830	130	2
798	58	827	88	2
827	65	850	84	2
841	71	861	90	2
905	91	930	108	2
918	85	938	107	2
822	0	855	20	2
820	25	852	54	2
862	37	882	64	2
842	10	895	47	2
200	268	230	298	2
900	17	941	67	2
962	1	1008	40	2
1010	37	1065	92	2
990	78	1030	108	2
1024	82	1058	114	2
24	281	57	321	2
